NACA 0010                                       
 Alfa =   5.00000 Re =        0.000 Xflap,Yflap =     0.000000    0.000000
#    x        y        Cp  
   1.00000  0.00105  0.37094
   0.99407  0.00174  0.21532
   0.98327  0.00299  0.15539
   0.97039  0.00445  0.10937
   0.95610  0.00605  0.07440
   0.94108  0.00770  0.04465
   0.92575  0.00935  0.01950
   0.91030  0.01099 -0.00178
   0.89480  0.01260 -0.02257
   0.87928  0.01419 -0.04035
   0.86374  0.01575 -0.05721
   0.84820  0.01728 -0.07352
   0.83265  0.01879 -0.08841
   0.81710  0.02026 -0.10352
   0.80155  0.02172 -0.11721
   0.78599  0.02314 -0.13112
   0.77043  0.02454 -0.14430
   0.75486  0.02591 -0.15806
   0.73930  0.02726 -0.17068
   0.72373  0.02858 -0.18378
   0.70817  0.02987 -0.19635
   0.69260  0.03113 -0.20952
   0.67704  0.03236 -0.22203
   0.66148  0.03357 -0.23500
   0.64592  0.03474 -0.24775
   0.63036  0.03589 -0.26116
   0.61481  0.03700 -0.27376
   0.59926  0.03808 -0.28736
   0.58372  0.03912 -0.30075
   0.56818  0.04013 -0.31434
   0.55265  0.04111 -0.32840
   0.53712  0.04204 -0.34229
   0.52161  0.04294 -0.35684
   0.50610  0.04379 -0.37150
   0.49060  0.04460 -0.38645
   0.47512  0.04537 -0.40176
   0.45964  0.04608 -0.41753
   0.44418  0.04675 -0.43379
   0.42873  0.04737 -0.45003
   0.41330  0.04792 -0.46721
   0.39788  0.04842 -0.48472
   0.38248  0.04886 -0.50252
   0.36711  0.04924 -0.52139
   0.35175  0.04954 -0.54030
   0.33642  0.04977 -0.56056
   0.32111  0.04993 -0.58081
   0.30584  0.05001 -0.60192
   0.29060  0.05000 -0.62485
   0.27539  0.04990 -0.64761
   0.26023  0.04970 -0.67221
   0.24511  0.04940 -0.69770
   0.23005  0.04899 -0.72458
   0.21505  0.04847 -0.75315
   0.20011  0.04782 -0.78355
   0.18526  0.04703 -0.81605
   0.17051  0.04611 -0.85099
   0.15587  0.04503 -0.88916
   0.14137  0.04378 -0.93049
   0.12705  0.04235 -0.97685
   0.11297  0.04073 -1.02827
   0.09920  0.03891 -1.08612
   0.08588  0.03688 -1.15252
   0.07320  0.03466 -1.22831
   0.06141  0.03229 -1.31490
   0.05081  0.02983 -1.41171
   0.04162  0.02737 -1.51854
   0.03388  0.02499 -1.63263
   0.02746  0.02274 -1.75061
   0.02217  0.02062 -1.87371
   0.01778  0.01862 -1.99581
   0.01413  0.01672 -2.12059
   0.01105  0.01489 -2.23781
   0.00846  0.01311 -2.34666
   0.00627  0.01135 -2.43411
   0.00444  0.00961 -2.48156
   0.00294  0.00786 -2.46557
   0.00175  0.00610 -2.34086
   0.00087  0.00433 -2.08393
   0.00030  0.00257 -1.67203
   0.00003  0.00084 -1.16176
   0.00003 -0.00084 -0.63329
   0.00030 -0.00257 -0.11740
   0.00087 -0.00433  0.32674
   0.00175 -0.00610  0.65383
   0.00294 -0.00786  0.85841
   0.00444 -0.00961  0.96361
   0.00627 -0.01135  0.99905
   0.00846 -0.01311  0.98883
   0.01105 -0.01489  0.95017
   0.01413 -0.01672  0.89425
   0.01778 -0.01862  0.82831
   0.02217 -0.02062  0.75627
   0.02746 -0.02274  0.68146
   0.03388 -0.02499  0.60610
   0.04162 -0.02737  0.53206
   0.05081 -0.02983  0.46196
   0.06141 -0.03229  0.39781
   0.07320 -0.03466  0.34107
   0.08588 -0.03688  0.29237
   0.09920 -0.03891  0.25064
   0.11297 -0.04073  0.21550
   0.12705 -0.04235  0.18548
   0.14137 -0.04378  0.16012
   0.15587 -0.04503  0.13799
   0.17051 -0.04611  0.11948
   0.18526 -0.04703  0.10318
   0.20011 -0.04782  0.08930
   0.21505 -0.04847  0.07717
   0.23005 -0.04899  0.06675
   0.24511 -0.04940  0.05736
   0.26023 -0.04970  0.04994
   0.27539 -0.04990  0.04306
   0.29060 -0.05000  0.03723
   0.30584 -0.05001  0.03223
   0.32111 -0.04993  0.02800
   0.33642 -0.04977  0.02447
   0.35175 -0.04954  0.02144
   0.36711 -0.04924  0.01917
   0.38248 -0.04886  0.01676
   0.39788 -0.04842  0.01550
   0.41330 -0.04792  0.01421
   0.42873 -0.04737  0.01325
   0.44418 -0.04675  0.01285
   0.45964 -0.04608  0.01255
   0.47512 -0.04537  0.01231
   0.49060 -0.04460  0.01275
   0.50610 -0.04379  0.01288
   0.52161 -0.04294  0.01386
   0.53712 -0.04204  0.01429
   0.55265 -0.04111  0.01557
   0.56818 -0.04013  0.01630
   0.58372 -0.03912  0.01771
   0.59926 -0.03808  0.01913
   0.61481 -0.03700  0.02048
   0.63036 -0.03589  0.02226
   0.64592 -0.03474  0.02418
   0.66148 -0.03357  0.02594
   0.67704 -0.03236  0.02798
   0.69260 -0.03113  0.03030
   0.70817 -0.02987  0.03280
   0.72373 -0.02858  0.03536
   0.73930 -0.02726  0.03792
   0.75486 -0.02591  0.04130
   0.77043 -0.02454  0.04414
   0.78599 -0.02314  0.04818
   0.80155 -0.02172  0.05165
   0.81710 -0.02026  0.05610
   0.83265 -0.01879  0.06081
   0.84820 -0.01728  0.06629
   0.86374 -0.01575  0.07185
   0.87928 -0.01419  0.07884
   0.89480 -0.01260  0.08643
   0.91030 -0.01099  0.09555
   0.92575 -0.00935  0.10644
   0.94108 -0.00770  0.11969
   0.95610 -0.00605  0.13650
   0.97039 -0.00445  0.15882
   0.98327 -0.00299  0.19012
   0.99407 -0.00174  0.23706
   1.00000 -0.00105  0.37094
